2020-07-06 14:37:08,030 - DEBUG - Start of the program
2020-07-06 14:37:08,030 - DEBUG - Edges row? []
2020-07-06 14:37:08,031 - DEBUG - Edges column? [[0]]
2020-07-06 14:37:08,031 - DEBUG - Edge indices {'C': 0}
2020-07-06 14:37:08,031 - DEBUG - Edges row? [[0, 0]]
2020-07-06 14:37:08,031 - DEBUG - Edges column? [[0, 0], [0, 0]]
2020-07-06 14:37:08,031 - DEBUG - Edge indices {'C': 0, 'A': 1}
2020-07-06 14:37:08,031 - DEBUG - Edges row? [[0, 0, 0], [0, 0, 0]]
2020-07-06 14:37:08,031 - DEBUG - Edges column? [[0, 0, 0], [0, 0, 0], [0, 0, 0]]
2020-07-06 14:37:08,031 - DEBUG - Edge indices {'C': 0, 'A': 1, 'B': 2}
2020-07-06 14:37:08,039 - DEBUG - Edges row? [[0, 0, 0, 0], [0, 0, 0, 0], [0, 0, 0, 0]]
2020-07-06 14:37:08,040 - DEBUG - Edges column? [[0, 0, 0, 0], [0, 0, 0, 0], [0, 0, 0, 0], [0, 0, 0, 0]]
2020-07-06 14:37:08,040 - DEBUG - Edge indices {'C': 0, 'A': 1, 'B': 2, 'D': 3}
2020-07-06 14:37:08,040 - DEBUG - Edges row? [[0, 0, 0, 0, 0], [0, 0, 0, 0, 0], [0, 0, 0, 0, 0], [0, 0, 0, 0, 0]]
2020-07-06 14:37:08,040 - DEBUG - Edges column? [[0, 0, 0, 0, 0], [0, 0, 0, 0, 0], [0, 0, 0, 0, 0], [0, 0, 0, 0, 0], [0, 0, 0, 0, 0]]
2020-07-06 14:37:08,040 - DEBUG - Edge indices {'C': 0, 'A': 1, 'B': 2, 'D': 3, 'E': 4}
2020-07-06 14:37:08,040 - DEBUG - Edges row? [[0, 0, 0, 0, 0, 0], [0, 0, 0, 0, 0, 0], [0, 0, 0, 0, 0, 0], [0, 0, 0, 0, 0, 0], [0, 0, 0, 0, 0, 0]]
2020-07-06 14:37:08,041 - DEBUG - Edges column? [[0, 0, 0, 0, 0, 0], [0, 0, 0, 0, 0, 0], [0, 0, 0, 0, 0, 0], [0, 0, 0, 0, 0, 0], [0, 0, 0, 0, 0, 0], [0, 0, 0, 0, 0, 0]]
2020-07-06 14:37:08,041 - DEBUG - Edge indices {'C': 0, 'A': 1, 'B': 2, 'D': 3, 'E': 4, 'F': 5}
2020-07-06 14:37:08,041 - DEBUG - Edges row? [[0, 0, 0, 0, 0, 0, 0], [0, 0, 0, 0, 0, 0, 0], [0, 0, 0, 0, 0, 0, 0], [0, 0, 0, 0, 0, 0, 0], [0, 0, 0, 0, 0, 0, 0], [0, 0, 0, 0, 0, 0, 0]]
2020-07-06 14:37:08,041 - DEBUG - Edges column? [[0, 0, 0, 0, 0, 0, 0], [0, 0, 0, 0, 0, 0, 0], [0, 0, 0, 0, 0, 0, 0], [0, 0, 0, 0, 0, 0, 0], [0, 0, 0, 0, 0, 0, 0], [0, 0, 0, 0, 0, 0, 0], [0, 0, 0, 0, 0, 0, 0]]
2020-07-06 14:37:08,041 - DEBUG - Edge indices {'C': 0, 'A': 1, 'B': 2, 'D': 3, 'E': 4, 'F': 5, 'G': 6}
2020-07-06 14:37:08,041 - DEBUG - Edges row? [[0, 0, 0, 0, 0, 0, 0, 0], [0, 0, 0, 0, 0, 0, 0, 0], [0, 0, 0, 0, 0, 0, 0, 0], [0, 0, 0, 0, 0, 0, 0, 0], [0, 0, 0, 0, 0, 0, 0, 0], [0, 0, 0, 0, 0, 0, 0, 0], [0, 0, 0, 0, 0, 0, 0, 0]]
2020-07-06 14:37:08,042 - DEBUG - Edges column? [[0, 0, 0, 0, 0, 0, 0, 0], [0, 0, 0, 0, 0, 0, 0, 0], [0, 0, 0, 0, 0, 0, 0, 0], [0, 0, 0, 0, 0, 0, 0, 0], [0, 0, 0, 0, 0, 0, 0, 0], [0, 0, 0, 0, 0, 0, 0, 0], [0, 0, 0, 0, 0, 0, 0, 0], [0, 0, 0, 0, 0, 0, 0, 0]]
2020-07-06 14:37:08,042 - DEBUG - Edge indices {'C': 0, 'A': 1, 'B': 2, 'D': 3, 'E': 4, 'F': 5, 'G': 6, 'H': 7}
2020-07-06 14:37:08,042 - DEBUG - Edges row? [[0, 0, 0, 0, 0, 0, 0, 0, 0], [0, 0, 0, 0, 0, 0, 0, 0, 0], [0, 0, 0, 0, 0, 0, 0, 0, 0], [0, 0, 0, 0, 0, 0, 0, 0, 0], [0, 0, 0, 0, 0, 0, 0, 0, 0], [0, 0, 0, 0, 0, 0, 0, 0, 0], [0, 0, 0, 0, 0, 0, 0, 0, 0], [0, 0, 0, 0, 0, 0, 0, 0, 0]]
2020-07-06 14:37:08,042 - DEBUG - Edges column? [[0, 0, 0, 0, 0, 0, 0, 0, 0], [0, 0, 0, 0, 0, 0, 0, 0, 0], [0, 0, 0, 0, 0, 0, 0, 0, 0], [0, 0, 0, 0, 0, 0, 0, 0, 0], [0, 0, 0, 0, 0, 0, 0, 0, 0], [0, 0, 0, 0, 0, 0, 0, 0, 0], [0, 0, 0, 0, 0, 0, 0, 0, 0], [0, 0, 0, 0, 0, 0, 0, 0, 0], [0, 0, 0, 0, 0, 0, 0, 0, 0]]
2020-07-06 14:37:08,042 - DEBUG - Edge indices {'C': 0, 'A': 1, 'B': 2, 'D': 3, 'E': 4, 'F': 5, 'G': 6, 'H': 7, 'I': 8}
2020-07-06 14:37:08,043 - DEBUG - Edges row? [[0, 0, 0, 0, 0, 0, 0, 0, 0, 0], [0, 0, 0, 0, 0, 0, 0, 0, 0, 0], [0, 0, 0, 0, 0, 0, 0, 0, 0, 0], [0, 0, 0, 0, 0, 0, 0, 0, 0, 0], [0, 0, 0, 0, 0, 0, 0, 0, 0, 0], [0, 0, 0, 0, 0, 0, 0, 0, 0, 0], [0, 0, 0, 0, 0, 0, 0, 0, 0, 0], [0, 0, 0, 0, 0, 0, 0, 0, 0, 0], [0, 0, 0, 0, 0, 0, 0, 0, 0, 0]]
2020-07-06 14:37:08,043 - DEBUG - Edges column? [[0, 0, 0, 0, 0, 0, 0, 0, 0, 0], [0, 0, 0, 0, 0, 0, 0, 0, 0, 0], [0, 0, 0, 0, 0, 0, 0, 0, 0, 0], [0, 0, 0, 0, 0, 0, 0, 0, 0, 0], [0, 0, 0, 0, 0, 0, 0, 0, 0, 0], [0, 0, 0, 0, 0, 0, 0, 0, 0, 0], [0, 0, 0, 0, 0, 0, 0, 0, 0, 0], [0, 0, 0, 0, 0, 0, 0, 0, 0, 0], [0, 0, 0, 0, 0, 0, 0, 0, 0, 0], [0, 0, 0, 0, 0, 0, 0, 0, 0, 0]]
2020-07-06 14:37:08,043 - DEBUG - Edge indices {'C': 0, 'A': 1, 'B': 2, 'D': 3, 'E': 4, 'F': 5, 'G': 6, 'H': 7, 'I': 8, 'J': 9}
2020-07-06 14:37:08,043 - DEBUG - Edges row? [[0, 0, 0, 0, 0, 0, 0, 0, 0, 0, 0], [0, 0, 0, 0, 0, 0, 0, 0, 0, 0, 0], [0, 0, 0, 0, 0, 0, 0, 0, 0, 0, 0], [0, 0, 0, 0, 0, 0, 0, 0, 0, 0, 0], [0, 0, 0, 0, 0, 0, 0, 0, 0, 0, 0], [0, 0, 0, 0, 0, 0, 0, 0, 0, 0, 0], [0, 0, 0, 0, 0, 0, 0, 0, 0, 0, 0], [0, 0, 0, 0, 0, 0, 0, 0, 0, 0, 0], [0, 0, 0, 0, 0, 0, 0, 0, 0, 0, 0], [0, 0, 0, 0, 0, 0, 0, 0, 0, 0, 0]]
2020-07-06 14:37:08,043 - DEBUG - Edges column? [[0, 0, 0, 0, 0, 0, 0, 0, 0, 0, 0], [0, 0, 0, 0, 0, 0, 0, 0, 0, 0, 0], [0, 0, 0, 0, 0, 0, 0, 0, 0, 0, 0], [0, 0, 0, 0, 0, 0, 0, 0, 0, 0, 0], [0, 0, 0, 0, 0, 0, 0, 0, 0, 0, 0], [0, 0, 0, 0, 0, 0, 0, 0, 0, 0, 0], [0, 0, 0, 0, 0, 0, 0, 0, 0, 0, 0], [0, 0, 0, 0, 0, 0, 0, 0, 0, 0, 0], [0, 0, 0, 0, 0, 0, 0, 0, 0, 0, 0], [0, 0, 0, 0, 0, 0, 0, 0, 0, 0, 0], [0, 0, 0, 0, 0, 0, 0, 0, 0, 0, 0]]
2020-07-06 14:37:08,044 - DEBUG - Edge indices {'C': 0, 'A': 1, 'B': 2, 'D': 3, 'E': 4, 'F': 5, 'G': 6, 'H': 7, 'I': 8, 'J': 9, 'K': 10}
2020-07-06 15:35:16,120 - DEBUG - Start of the program
2020-07-06 15:35:16,120 - DEBUG - Edges [[0]]
2020-07-06 15:35:16,120 - DEBUG - Edge indices {'C': 0}
2020-07-06 15:35:16,120 - DEBUG - Edges [[0, 0], [0, 0]]
2020-07-06 15:35:16,120 - DEBUG - Edge indices {'C': 0, 'A': 1}
2020-07-06 15:35:16,120 - DEBUG - Edges [[0, 0, 0], [0, 0, 0], [0, 0, 0]]
2020-07-06 15:35:16,120 - DEBUG - Edge indices {'C': 0, 'A': 1, 'B': 2}
2020-07-06 15:35:16,121 - DEBUG - Edges [[0, 0, 0, 0], [0, 0, 0, 0], [0, 0, 0, 0], [0, 0, 0, 0]]
2020-07-06 15:35:16,122 - DEBUG - Edge indices {'C': 0, 'A': 1, 'B': 2, 'D': 3}
2020-07-06 15:35:16,122 - DEBUG - Edges [[0, 0, 0, 0, 0], [0, 0, 0, 0, 0], [0, 0, 0, 0, 0], [0, 0, 0, 0, 0], [0, 0, 0, 0, 0]]
2020-07-06 15:35:16,122 - DEBUG - Edge indices {'C': 0, 'A': 1, 'B': 2, 'D': 3, 'E': 4}
2020-07-06 15:35:16,122 - DEBUG - Edges [[0, 0, 0, 0, 0, 0], [0, 0, 0, 0, 0, 0], [0, 0, 0, 0, 0, 0], [0, 0, 0, 0, 0, 0], [0, 0, 0, 0, 0, 0], [0, 0, 0, 0, 0, 0]]
2020-07-06 15:35:16,122 - DEBUG - Edge indices {'C': 0, 'A': 1, 'B': 2, 'D': 3, 'E': 4, 'F': 5}
2020-07-06 15:35:16,122 - DEBUG - Edges [[0, 0, 0, 0, 0, 0, 0], [0, 0, 0, 0, 0, 0, 0], [0, 0, 0, 0, 0, 0, 0], [0, 0, 0, 0, 0, 0, 0], [0, 0, 0, 0, 0, 0, 0], [0, 0, 0, 0, 0, 0, 0], [0, 0, 0, 0, 0, 0, 0]]
2020-07-06 15:35:16,122 - DEBUG - Edge indices {'C': 0, 'A': 1, 'B': 2, 'D': 3, 'E': 4, 'F': 5, 'G': 6}
2020-07-06 15:35:16,122 - DEBUG - Edges [[0, 0, 0, 0, 0, 0, 0, 0], [0, 0, 0, 0, 0, 0, 0, 0], [0, 0, 0, 0, 0, 0, 0, 0], [0, 0, 0, 0, 0, 0, 0, 0], [0, 0, 0, 0, 0, 0, 0, 0], [0, 0, 0, 0, 0, 0, 0, 0], [0, 0, 0, 0, 0, 0, 0, 0], [0, 0, 0, 0, 0, 0, 0, 0]]
2020-07-06 15:35:16,122 - DEBUG - Edge indices {'C': 0, 'A': 1, 'B': 2, 'D': 3, 'E': 4, 'F': 5, 'G': 6, 'H': 7}
2020-07-06 15:35:16,122 - DEBUG - Edges [[0, 0, 0, 0, 0, 0, 0, 0, 0], [0, 0, 0, 0, 0, 0, 0, 0, 0], [0, 0, 0, 0, 0, 0, 0, 0, 0], [0, 0, 0, 0, 0, 0, 0, 0, 0], [0, 0, 0, 0, 0, 0, 0, 0, 0], [0, 0, 0, 0, 0, 0, 0, 0, 0], [0, 0, 0, 0, 0, 0, 0, 0, 0], [0, 0, 0, 0, 0, 0, 0, 0, 0], [0, 0, 0, 0, 0, 0, 0, 0, 0]]
2020-07-06 15:35:16,122 - DEBUG - Edge indices {'C': 0, 'A': 1, 'B': 2, 'D': 3, 'E': 4, 'F': 5, 'G': 6, 'H': 7, 'I': 8}
2020-07-06 15:35:16,122 - DEBUG - Edges [[0, 0, 0, 0, 0, 0, 0, 0, 0, 0], [0, 0, 0, 0, 0, 0, 0, 0, 0, 0], [0, 0, 0, 0, 0, 0, 0, 0, 0, 0], [0, 0, 0, 0, 0, 0, 0, 0, 0, 0], [0, 0, 0, 0, 0, 0, 0, 0, 0, 0], [0, 0, 0, 0, 0, 0, 0, 0, 0, 0], [0, 0, 0, 0, 0, 0, 0, 0, 0, 0], [0, 0, 0, 0, 0, 0, 0, 0, 0, 0], [0, 0, 0, 0, 0, 0, 0, 0, 0, 0], [0, 0, 0, 0, 0, 0, 0, 0, 0, 0]]
2020-07-06 15:35:16,122 - DEBUG - Edge indices {'C': 0, 'A': 1, 'B': 2, 'D': 3, 'E': 4, 'F': 5, 'G': 6, 'H': 7, 'I': 8, 'J': 9}
2020-07-06 15:35:16,122 - DEBUG - Edges [[0, 0, 0, 0, 0, 0, 0, 0, 0, 0, 0], [0, 0, 0, 0, 0, 0, 0, 0, 0, 0, 0], [0, 0, 0, 0, 0, 0, 0, 0, 0, 0, 0], [0, 0, 0, 0, 0, 0, 0, 0, 0, 0, 0], [0, 0, 0, 0, 0, 0, 0, 0, 0, 0, 0], [0, 0, 0, 0, 0, 0, 0, 0, 0, 0, 0], [0, 0, 0, 0, 0, 0, 0, 0, 0, 0, 0], [0, 0, 0, 0, 0, 0, 0, 0, 0, 0, 0], [0, 0, 0, 0, 0, 0, 0, 0, 0, 0, 0], [0, 0, 0, 0, 0, 0, 0, 0, 0, 0, 0], [0, 0, 0, 0, 0, 0, 0, 0, 0, 0, 0]]
2020-07-06 15:35:16,122 - DEBUG - Edge indices {'C': 0, 'A': 1, 'B': 2, 'D': 3, 'E': 4, 'F': 5, 'G': 6, 'H': 7, 'I': 8, 'J': 9, 'K': 10}
2020-07-06 15:42:33,571 - DEBUG - Start of the program
2020-07-06 15:42:33,571 - DEBUG - Edges [[0]]
2020-07-06 15:42:33,571 - DEBUG - Edge indices {'C': 0}
2020-07-06 15:42:33,571 - DEBUG - Edges [[0, 0], [0, 0]]
2020-07-06 15:42:33,571 - DEBUG - Edge indices {'C': 0, 'A': 1}
2020-07-06 15:42:33,571 - DEBUG - Edges [[0, 0, 0], [0, 0, 0], [0, 0, 0]]
2020-07-06 15:42:33,571 - DEBUG - Edge indices {'C': 0, 'A': 1, 'B': 2}
2020-07-06 15:42:33,571 - DEBUG - Edges [[0, 0, 0, 0], [0, 0, 0, 0], [0, 0, 0, 0], [0, 0, 0, 0]]
2020-07-06 15:42:33,571 - DEBUG - Edge indices {'C': 0, 'A': 1, 'B': 2, 'D': 3}
2020-07-06 15:42:33,571 - DEBUG - Edges [[0, 0, 0, 0, 0], [0, 0, 0, 0, 0], [0, 0, 0, 0, 0], [0, 0, 0, 0, 0], [0, 0, 0, 0, 0]]
2020-07-06 15:42:33,572 - DEBUG - Edge indices {'C': 0, 'A': 1, 'B': 2, 'D': 3, 'E': 4}
2020-07-06 15:42:33,572 - DEBUG - Edges [[0, 0, 0, 0, 0, 0], [0, 0, 0, 0, 0, 0], [0, 0, 0, 0, 0, 0], [0, 0, 0, 0, 0, 0], [0, 0, 0, 0, 0, 0], [0, 0, 0, 0, 0, 0]]
2020-07-06 15:42:33,572 - DEBUG - Edge indices {'C': 0, 'A': 1, 'B': 2, 'D': 3, 'E': 4, 'F': 5}
2020-07-06 15:42:33,572 - DEBUG - Edges [[0, 0, 0, 0, 0, 0, 0], [0, 0, 0, 0, 0, 0, 0], [0, 0, 0, 0, 0, 0, 0], [0, 0, 0, 0, 0, 0, 0], [0, 0, 0, 0, 0, 0, 0], [0, 0, 0, 0, 0, 0, 0], [0, 0, 0, 0, 0, 0, 0]]
2020-07-06 15:42:33,572 - DEBUG - Edge indices {'C': 0, 'A': 1, 'B': 2, 'D': 3, 'E': 4, 'F': 5, 'G': 6}
2020-07-06 15:42:33,572 - DEBUG - Edges [[0, 0, 0, 0, 0, 0, 0, 0], [0, 0, 0, 0, 0, 0, 0, 0], [0, 0, 0, 0, 0, 0, 0, 0], [0, 0, 0, 0, 0, 0, 0, 0], [0, 0, 0, 0, 0, 0, 0, 0], [0, 0, 0, 0, 0, 0, 0, 0], [0, 0, 0, 0, 0, 0, 0, 0], [0, 0, 0, 0, 0, 0, 0, 0]]
2020-07-06 15:42:33,572 - DEBUG - Edge indices {'C': 0, 'A': 1, 'B': 2, 'D': 3, 'E': 4, 'F': 5, 'G': 6, 'H': 7}
2020-07-06 15:42:33,572 - DEBUG - Edges [[0, 0, 0, 0, 0, 0, 0, 0, 0], [0, 0, 0, 0, 0, 0, 0, 0, 0], [0, 0, 0, 0, 0, 0, 0, 0, 0], [0, 0, 0, 0, 0, 0, 0, 0, 0], [0, 0, 0, 0, 0, 0, 0, 0, 0], [0, 0, 0, 0, 0, 0, 0, 0, 0], [0, 0, 0, 0, 0, 0, 0, 0, 0], [0, 0, 0, 0, 0, 0, 0, 0, 0], [0, 0, 0, 0, 0, 0, 0, 0, 0]]
2020-07-06 15:42:33,572 - DEBUG - Edge indices {'C': 0, 'A': 1, 'B': 2, 'D': 3, 'E': 4, 'F': 5, 'G': 6, 'H': 7, 'I': 8}
2020-07-06 15:42:33,572 - DEBUG - Edges [[0, 0, 0, 0, 0, 0, 0, 0, 0, 0], [0, 0, 0, 0, 0, 0, 0, 0, 0, 0], [0, 0, 0, 0, 0, 0, 0, 0, 0, 0], [0, 0, 0, 0, 0, 0, 0, 0, 0, 0], [0, 0, 0, 0, 0, 0, 0, 0, 0, 0], [0, 0, 0, 0, 0, 0, 0, 0, 0, 0], [0, 0, 0, 0, 0, 0, 0, 0, 0, 0], [0, 0, 0, 0, 0, 0, 0, 0, 0, 0], [0, 0, 0, 0, 0, 0, 0, 0, 0, 0], [0, 0, 0, 0, 0, 0, 0, 0, 0, 0]]
2020-07-06 15:42:33,572 - DEBUG - Edge indices {'C': 0, 'A': 1, 'B': 2, 'D': 3, 'E': 4, 'F': 5, 'G': 6, 'H': 7, 'I': 8, 'J': 9}
2020-07-06 15:42:33,572 - DEBUG - Edges [[0, 0, 0, 0, 0, 0, 0, 0, 0, 0, 0], [0, 0, 0, 0, 0, 0, 0, 0, 0, 0, 0], [0, 0, 0, 0, 0, 0, 0, 0, 0, 0, 0], [0, 0, 0, 0, 0, 0, 0, 0, 0, 0, 0], [0, 0, 0, 0, 0, 0, 0, 0, 0, 0, 0], [0, 0, 0, 0, 0, 0, 0, 0, 0, 0, 0], [0, 0, 0, 0, 0, 0, 0, 0, 0, 0, 0], [0, 0, 0, 0, 0, 0, 0, 0, 0, 0, 0], [0, 0, 0, 0, 0, 0, 0, 0, 0, 0, 0], [0, 0, 0, 0, 0, 0, 0, 0, 0, 0, 0], [0, 0, 0, 0, 0, 0, 0, 0, 0, 0, 0]]
2020-07-06 15:42:33,572 - DEBUG - Edge indices {'C': 0, 'A': 1, 'B': 2, 'D': 3, 'E': 4, 'F': 5, 'G': 6, 'H': 7, 'I': 8, 'J': 9, 'K': 10}
2020-09-11 14:49:02,256 - DEBUG - Start of the program
2020-09-11 14:49:02,257 - DEBUG - Edges [[0]]
2020-09-11 14:49:02,257 - DEBUG - Edge indices {'C': 0}
2020-09-11 14:49:02,257 - DEBUG - Edges [[0, 0], [0, 0]]
2020-09-11 14:49:02,257 - DEBUG - Edge indices {'C': 0, 'A': 1}
2020-09-11 14:49:02,257 - DEBUG - Edges [[0, 0, 0], [0, 0, 0], [0, 0, 0]]
2020-09-11 14:49:02,257 - DEBUG - Edge indices {'C': 0, 'A': 1, 'B': 2}
2020-09-11 14:49:02,257 - DEBUG - Edges [[0, 0, 0, 0], [0, 0, 0, 0], [0, 0, 0, 0], [0, 0, 0, 0]]
2020-09-11 14:49:02,257 - DEBUG - Edge indices {'C': 0, 'A': 1, 'B': 2, 'D': 3}
2020-09-11 14:49:02,258 - DEBUG - Edges [[0, 0, 0, 0, 0], [0, 0, 0, 0, 0], [0, 0, 0, 0, 0], [0, 0, 0, 0, 0], [0, 0, 0, 0, 0]]
2020-09-11 14:49:02,258 - DEBUG - Edge indices {'C': 0, 'A': 1, 'B': 2, 'D': 3, 'E': 4}
2020-09-11 14:49:02,258 - DEBUG - Edges [[0, 0, 0, 0, 0, 0], [0, 0, 0, 0, 0, 0], [0, 0, 0, 0, 0, 0], [0, 0, 0, 0, 0, 0], [0, 0, 0, 0, 0, 0], [0, 0, 0, 0, 0, 0]]
2020-09-11 14:49:02,258 - DEBUG - Edge indices {'C': 0, 'A': 1, 'B': 2, 'D': 3, 'E': 4, 'F': 5}
2020-09-11 14:49:02,258 - DEBUG - Edges [[0, 0, 0, 0, 0, 0, 0], [0, 0, 0, 0, 0, 0, 0], [0, 0, 0, 0, 0, 0, 0], [0, 0, 0, 0, 0, 0, 0], [0, 0, 0, 0, 0, 0, 0], [0, 0, 0, 0, 0, 0, 0], [0, 0, 0, 0, 0, 0, 0]]
2020-09-11 14:49:02,258 - DEBUG - Edge indices {'C': 0, 'A': 1, 'B': 2, 'D': 3, 'E': 4, 'F': 5, 'G': 6}
2020-09-11 14:49:02,258 - DEBUG - Edges [[0, 0, 0, 0, 0, 0, 0, 0], [0, 0, 0, 0, 0, 0, 0, 0], [0, 0, 0, 0, 0, 0, 0, 0], [0, 0, 0, 0, 0, 0, 0, 0], [0, 0, 0, 0, 0, 0, 0, 0], [0, 0, 0, 0, 0, 0, 0, 0], [0, 0, 0, 0, 0, 0, 0, 0], [0, 0, 0, 0, 0, 0, 0, 0]]
2020-09-11 14:49:02,258 - DEBUG - Edge indices {'C': 0, 'A': 1, 'B': 2, 'D': 3, 'E': 4, 'F': 5, 'G': 6, 'H': 7}
2020-09-11 14:49:02,258 - DEBUG - Edges [[0, 0, 0, 0, 0, 0, 0, 0, 0], [0, 0, 0, 0, 0, 0, 0, 0, 0], [0, 0, 0, 0, 0, 0, 0, 0, 0], [0, 0, 0, 0, 0, 0, 0, 0, 0], [0, 0, 0, 0, 0, 0, 0, 0, 0], [0, 0, 0, 0, 0, 0, 0, 0, 0], [0, 0, 0, 0, 0, 0, 0, 0, 0], [0, 0, 0, 0, 0, 0, 0, 0, 0], [0, 0, 0, 0, 0, 0, 0, 0, 0]]
2020-09-11 14:49:02,258 - DEBUG - Edge indices {'C': 0, 'A': 1, 'B': 2, 'D': 3, 'E': 4, 'F': 5, 'G': 6, 'H': 7, 'I': 8}
2020-09-11 14:49:02,258 - DEBUG - Edges [[0, 0, 0, 0, 0, 0, 0, 0, 0, 0], [0, 0, 0, 0, 0, 0, 0, 0, 0, 0], [0, 0, 0, 0, 0, 0, 0, 0, 0, 0], [0, 0, 0, 0, 0, 0, 0, 0, 0, 0], [0, 0, 0, 0, 0, 0, 0, 0, 0, 0], [0, 0, 0, 0, 0, 0, 0, 0, 0, 0], [0, 0, 0, 0, 0, 0, 0, 0, 0, 0], [0, 0, 0, 0, 0, 0, 0, 0, 0, 0], [0, 0, 0, 0, 0, 0, 0, 0, 0, 0], [0, 0, 0, 0, 0, 0, 0, 0, 0, 0]]
2020-09-11 14:49:02,258 - DEBUG - Edge indices {'C': 0, 'A': 1, 'B': 2, 'D': 3, 'E': 4, 'F': 5, 'G': 6, 'H': 7, 'I': 8, 'J': 9}
2020-09-11 14:49:02,258 - DEBUG - Edges [[0, 0, 0, 0, 0, 0, 0, 0, 0, 0, 0], [0, 0, 0, 0, 0, 0, 0, 0, 0, 0, 0], [0, 0, 0, 0, 0, 0, 0, 0, 0, 0, 0], [0, 0, 0, 0, 0, 0, 0, 0, 0, 0, 0], [0, 0, 0, 0, 0, 0, 0, 0, 0, 0, 0], [0, 0, 0, 0, 0, 0, 0, 0, 0, 0, 0], [0, 0, 0, 0, 0, 0, 0, 0, 0, 0, 0], [0, 0, 0, 0, 0, 0, 0, 0, 0, 0, 0], [0, 0, 0, 0, 0, 0, 0, 0, 0, 0, 0], [0, 0, 0, 0, 0, 0, 0, 0, 0, 0, 0], [0, 0, 0, 0, 0, 0, 0, 0, 0, 0, 0]]
2020-09-11 14:49:02,258 - DEBUG - Edge indices {'C': 0, 'A': 1, 'B': 2, 'D': 3, 'E': 4, 'F': 5, 'G': 6, 'H': 7, 'I': 8, 'J': 9, 'K': 10}
